 10   10240   0.046850  2622.84 Yes
 20   20480   0.044010  5584.19 Yes
 30   30720   0.043810  8414.52 Yes
 40   40960   0.044470 11052.84 Yes
 50   51200   0.088280  6959.67 Yes
 60   61440   0.088330  8346.88 Yes
 70   71680   0.088150  9757.91 Yes
 80   81920   0.088060 11163.30 Yes
 90   92160   0.088300 12524.58 Yes
100  102400   0.131900  9316.15 Yes
110  112640   0.131900 10247.76 Yes
120  122880   0.132200 11154.01 Yes
130  133120   0.132800 12028.92 Yes
140  143360   0.133100 12925.02 Yes
150  153600   0.175700 10490.61 Yes
160  163840   0.176600 11132.96 Yes
170  174080   0.177100 11795.37 Yes
180  184320   0.177400 12468.09 Yes
190  194560   0.177900 13123.78 Yes
200  204800   0.220900 11125.40 Yes
210  215040   0.221000 11676.38 Yes
220  225280   0.221600 12199.28 Yes
230  235520   0.221900 12736.55 Yes
240  245760   0.221800 13296.30 Yes
250  256000   0.265000 11592.45 Yes
260  266240   0.264900 12060.70 Yes
270  276480   0.265500 12496.27 Yes
280  286720   0.266500 12910.47 Yes
290  296960   0.309000 11532.43 Yes
300  307200   0.310300 11880.12 Yes
310  317440   0.310800 12256.37 Yes
320  327680   0.311700 12615.21 Yes
330  337920   0.312500 12976.13 Yes
340  348160   0.354800 11775.42 Yes
350  358400   0.355800 12087.69 Yes
360  368640   0.356000 12426.07 Yes
370  378880   0.356500 12753.32 Yes
380  389120   0.356400 13101.68 Yes
390  399360   0.399400 11998.80 Yes
400  409600   0.400600 12269.59 Yes
410  419840   0.400400 12582.62 Yes
420  430080   0.401200 12863.81 Yes
430  440320   0.401700 13153.70 Yes
440  450560   0.443400 12193.78 Yes
450  460800   0.444800 12431.65 Yes
460  471040   0.445400 12690.79 Yes
470  481280   0.446200 12943.43 Yes
480  491520   0.447600 13177.48 Yes
490  501760   0.489500 12300.55 Yes
500  512000   0.489500 12551.58 Yes
